print(list(range(5)))
print(list(range(1,5)))
print(list(range(5,20)))
print(list(range(-5,5)))
print(list(range(10,100,10)))
print(list(range(10,0,-1)))
print(list(range(-5,5,3)))
print(list(range(10,100,5)))
print(list(range(10,0,-2)))

''''
output
[0, 1, 2, 3, 4]
[1, 2, 3, 4]
[5, 6, 7, 8, 9, 10, 11, 12, 13, 14, 15, 16, 17, 18, 19]
[-5, -4, -3, -2, -1, 0, 1, 2, 3, 4]
[10, 20, 30, 40, 50, 60, 70, 80, 90]
[10, 9, 8, 7, 6, 5, 4, 3, 2, 1]
[-5, -2, 1, 4]
[10, 15, 20, 25, 30, 35, 40, 45, 50, 55, 60, 65, 70, 75, 80, 85, 90, 95]
[10, 8, 6, 4, 2]
'''
© 2022 GitHub, In
